0,528
120,1
118,3
118,1
112,5
112,4
112,3
112,1
110,5
110,4
110,3
110,1
100,3
100,1
99,3
99,1
96,1
94,3
94,1
93,3
93,1
90,12
90,9
90,6
90,4
90,3
90,1
86,3
86,1
85,3
85,1
83,3
83,1
71,6
71,5
71,4
71,3
71,1
70,4
70,3
70,1
66,4
66,3
66,1
59,3
59,1
56,3
56,1
53,7
53,3
53,1
52,2495
52,2481
52,2242
52,2240
52,2046
52,1950
52,1920
52,1660
52,1280
52,404
52,12
52,11
52,3
52,2
52,1
52,0
47,3
47,1
45,3
45,1
38,11
38,10
38,9
38,7
38,5
38,4
38,3
38,2
38,1
36,3
36,1
35,3
35,1
31,3
31,1
30,1
29,3
29,1
28,3
28,1
24,1
20,3
20,2
20,1
19,3
19,2
19,1
14,6
12,3
12,2
12,1
11,28
11,27
11,26
11,25
11,21
11,20
11,19
11,15
11,14
11,13
11,12
11,9
11,8
11,6
11,3
11,2
11,1
10,316
10,307
10,297
10,296
10,294
10,290
18,1
10,286
18,3
10,270
10,252
10,251
14,1
10,211
14,5
10,210
14,3
10,190
13,1
10,175
13,3
10,144
10,142
10,123
10,120
10,112
10,64
10,32
10,14
10,3
10,2
10,1
9,7
9,6
9,5
9,4
9,3
9,2
9,1
8,18
8,17
8,15
8,14
8,13
8,11
8,10
